300545421178383746517224466473295364420
515194708168567977327235088794038106938
555616416495010373414773101285399609782
572421657963492067823519085521167735938
752332893101542413312416339803339312425
1203544999634092652125958179580920150585
1257631570034357824547799794639508523974
1356555415459868342826520679762942502088
1432103310034854090890340574342696375147
1563806748786944661574299865045215248290
1633824855262780232825185011969142628328
1813037989189297306350414170570642719847
1918086994923066454477189182857193671268
2015833480403725416521562817624835104443
2147929348137709332791720983554190001616
2396890410718753298790275287759320064095
2822914256013739987293660483848317438201
3009720444732583017575670003316672912502
3238098147521733355806462926621996593314
3240381727362405211795026464343907316367
3744110218759023833713245014656089230341
4207801410498972220221670585931800774491
4398919659706610453224404989559463789446
4546145650309968436132171330757869967709
4621962917013868945769270947764204181016
4892397953675490737880214629405055722667
4907552160113277935347461661609224620014
5029944599603205125142570627707482860141
5153060898721014285571529282798254217605
5155034224600869540883316521035233513375
5160762573347479802168716846561771665758
5204266651205702550767890043806995565802
5434110527886770295924712359444715263081
5436154722956377756997145495865432237841
5461838064507905782256819232272254466367
5466227863733111205260111732223053195336
5858220594618519900888349302284237562030
6328945201728347905261383559067173112690
6371920360206859559360551557756158972486
6642707571982146683705000017770495249125
6739263251302798078812877526822634467955
6870436261591686006760142392988462160555
6910912129072152604912499703240312438055
7047936335046195583146405384836815951955
7336019498715105030863320949598340188355
7407195254319000905544498782084148188203
7611485258215554933084772371318247967075
8056696848561738289813960539640070722472
8179536737995202949602281472657430120068
8245762973652682584058472378798539923458
8456368633190548179065610548333218149733
8667619008689091936711720556779788427809
8695291369622425686628025398242808357759
8856068921613198676340705596108713290339
9006488461756461541498646745586676571178
9328282705154871756602255806751259396959
9682362849484395408551084355449487869783
10304099849927084205163609816826326568779
10349139540424625320985357799521812269327
10448648839100474173190160914979909965418
10855327144415135606456725754483474270972
11070109089636193642377168021148945813680
11262020733843200729189327773608318777103
11298206726802288923672800870317884727479
12223031983102720150008718851673590237656
12232470317652537471680191600730134369276
12382169877570475051686988137764226628265
12665746246589724696032856504803332304757
12727660421766588706233945653654860255532
13024012597833602732876814804110884263139
13170068339160394505362510045513679404834
13211988503921392324555567310213234565450
13285864805622788063242762722675130255243
13613992758255051744122817199728250678182
13802146142676344448300082218575984473577
14040678640061323113665533541775068075939
14230494168637391999067390766046920640468
14478193253509725801635954976603031471521
14550366377508574049098293112132410091761
14950088599147291993326395810922928196810
15276350563908877266485262243524044400911
15425645221769819854041143342625962464233
15654302124976464751296425802034412753452
15845010683206086996808352018669521742735
16147392222345266965312055477961214753013
16155943520080642934487252985937472180112
16246726932488317795275870484217339790416
16347222048381800908530662067720527254216
16645907841470675376614414875621024305460
16818543605902454611002140677556743744854
16909490152171910521588008558457333637667
17371068020676959659071461235191831829266
17623891889590703137575037720074474120351
18021428719049856086990478016701399617226
18059633284647340150949995179871442059455
18151813755179616869457086889252957667890
18391986188469333113174560537018205205699
18600054928601181459210223328288886652304
18654959230266516539289435374338082437955
19068448017823344460174592428431010457239
