5026885827750513554479118359729881766
12397341722963342041916010132164373768
25907261097378019712632214415237967048
51932801972764038997682032878790066382
56717396127767064534022642030602344317
63839208963372963573700406352887827042
76065229999978298500777616643615075061
101918327051743714974524218650342835502
133739683028794166242073138205697320861
138204868326556937243540628998772721281
139868795284288016604646029273649180356
165936047998842821462495783639895763616
175853079813649841269484808200787298445
241443633434162840974328388877145333636
272691746149714430819808354539027557695
300545421178383746517224466473295364420
328200244162425301710546049417283429647
337090066312924942776600484094123573014
349390780199642227376225635187639234392
410283900511652222514415439094380288242
420475790757387043519090989298723481209
421884855818497671128593622984480173357
483671107622738555859285741324333155393
490622262805051094514632011803463539312
492604941832745563993212812079184076852
515194708168567977327235088794038106938
524219512132317763485793164494294390715
529247211348937877142222324039091499448
555616416495010373414773101285399609782
557222668841843789870115762429627094425
572421657963492067823519085521167735938
585293292660132842178290897643317252674
594099765584307837669334051890831783488
609728641946089396869205525602045467339
614983465169804779827939242637361038433
633860773503121356095978881828843043010
642634286022730115744841716476867878515
649509348983028092847735003546017638611
662368127130706403243681008350535977551
698619439539578967595971661740383108842
721586324073270927362616983867239773350
723950881083850366951274825567184780263
731145852958845846511917122381269893731
734234596913158577966341881611523489579
752332893101542413312416339803339312425
759423508024315040803060528336037219812
777799424378165413831969770271307360754
789054779944085062409090035893284581272
793593951131238928451438318718439020613
807029559276496090729569359247789559904
809384559197835949987466990019778370167
836657401096096265894036359751243392152
861601238771128352690468559701061172816
867479761425751849590126527771739851552
870987415273307595662780980376792286557
881871740430157044092789707049518489768
897510203828989748071429923213451552166
900564541650356722921367392610110054240
920246840357646904546176612357194523348
929370136564846530548003288217797940110
962261752824219864326423809848026388051
1007339714274032552651279145173132329686
1058151331219143304416532937235515175598
1062959974952388214328118378553234370056
1096959877047676672527944674293473456451
1102396274532385206356481372159662076910
1135419336949578816887695300767305079487
1136257711089736539968795324820996656194
1142891437235192965309381612168742917871
1191457130690884755163491660160775633857
1200771497659016417683341685967186283221
1203544999634092652125958179580920150585
1239035462797557488880747189105616434520
1257631570034357824547799794639508523974
1274927983367393291130048304835903414155
1285687559799977079425852757041325249185
1308581481571066723124752979130002170108
1332906436801967243653558879040201013493
1356555415459868342826520679762942502088
1361282066093456001504209025867569763763
1371411638884669598011261136651128459424
1379149071544393286259670490916141798612
1428986480325467923158168883549995005712
1430933241325975321874050161829866388961
1432103310034854090890340574342696375147
1521868903261707219336556140456821706238
1526732341238343922722041616342333856719
1531234026074943069472001339177625286452
1548493450319439867497737677678037124728
1549427245347331487724989591968041238545
1563806748786944661574299865045215248290
1599447046212134451911888639461579277534
1612376642852931872972951549289394923357
1617141812626672687335329692052020356444
1619634462365893752064473037260562702180
1633824855262780232825185011969142628328
1680678760472991187929796247196757239669
1696617927411508839995294525735104968374
1742986672049707800203098973507119932651
1743087751743043154629687568918230199322
1745308026550176396168473160395649560710
1773692885393254071213379487997452111348
1774996335719645537201173817836571751305
1789712522687021712729904933995897463397
1791149099054748286333931285158421108661
1793917903215061090248574599801743418996
1795274179509821106743882875310933555631
1813037989189297306350414170570642719847
1834626389658937508819840732209841358685
1838340156423369089197413036202448112403
1862008403980355524049889806554923794876
1918086994923066454477189182857193671268
1919127776803137212377649511552073363732
1928596558355583035178162214468627695126
1968681513727909298040164583453688376491
1977262627297282870593985849720184205345
1982608244856766802295248111086364042307
2006637254103892090564579601096310914674
2008578100591325107014310370211828148281
2011571945172356414594657308720901366823
2013538610789653832500287767833918977157
2015833480403725416521562817624835104443
2041999400321514153645274302405413430816
2057607866564973393871888286259381019480
2092075022957492718494510797422838037146
2126783413712121281786765160237966213502
2143857343032124527249623440950613960440
2147929348137709332791720983554190001616
2173106950910621047707269610758528569210
2174648562868483688027309728235475278724
2180170271196273566848536155773371584046
2191384431820167553661729896792169591874
2216064584267162607351868201411467812724
2242862313171026056420121791965617716738
2307751940038017109541952800130657122010
2312602940119740215239416462526072090072
2313851681632323346817988567366124397510
2352976186018211720037099226742846655537
2364583785462861235536480403154203005228
2396890410718753298790275287759320064095
2405626182070459906626825177925004980057
2440054729468957299939824222061587608418
2440154285299142136609464519831608120810
2456944787314033309437411222533242677297
2477638891319653435653460776211239160401
2519235843135102815738546529631366389968
2547630451628209933104478989190018665733
2601028761700803929359585616810996501159
2628147232526879481770909051203228425084
2642771751767498378177065890131871376623
2652720912249643510133026876353617835565
2671900812940206724314174091671935697204
2700155260831965610879200820901138262580
2724532275638954853957427053202016234132
2727339998680325225321007485788717204631
2736281541347507530743898213237082054406
2741778055690222749270195983077449347779
2775322905735113703007455958127317518270
2779383455822629348101551728844709558489
2780015675542575159418707949304505491057
2790988024660099383593263458838108614356
2817802072531314537978188215542167901645
2822914256013739987293660483848317438201
2828952018112465691543716450077542181543
2832373680804100879719708607959099926067
2833373923931397228476475093069400262310
2863879360665461474824834189166299716161
2921878461050017470508446259234838090760
2989425248031263490096314902028541748148
3009720444732583017575670003316672912502
3029088334647362485434752897533804418827
3052698488808923967473763601748222402037
3157435095898245701850992402384053250328
3238098147521733355806462926621996593314
3240381727362405211795026464343907316367
3322439327609474653735730338014961091132
3394379701240732564542598417309549536332
3404065198136521740203197515272171448053
3426407400923521461356671728072885455838
3435342837792890321085330491038389728180
3476082926702895663138476187451146508978
3486048204133493705717793305410899872371
3575255678100554500490802152081332150422
3623968913061413785302844796102218634983
3652028399056925054910470066706240284158
3675411688640440049409606516213617992519
3721893988754729589020462343250085329253
3744110218759023833713245014656089230341
3750266202091049754022233630519288371192
3750711043704886813071500786513219375261
3771080720206327077690728237677784717650
3790928009158844398433214816163124280665
3807442631238827327695012283804288657634
3837427699002068557206491863401991483116
3845313987547012383581871668597802120176
3873473936359225525190031709210621980082
3879533754075355430218607349446595277105
3885271910261946659957927568843892857298
3913699032801887457019925753883967609909
3923315660712395786179383263644622571056
3942574580603766159403079559101356267091
3955497515119638568855494661548500359432
3957824110918984848335728166737551726546
3976234055657143096252192015006776485771
3994243216939952991674432129139834003207
4004275319696442364876724453734547492405
4051996439833877678197855201695361981974
4072340792058382421393207759261928762314
4096713435952031784153048105625618669173
4122139768791797386630531661468813167944
4144908999502351015591246929037370775668
4151724620414678965474690033899886713234
4207801410498972220221670585931800774491
4236828381641239132823020652986964756692
4237065023573174840697280046882317351612
4299625398394223096191792355196621467643
4321577884418791148676852572217810142024
4327543426657728551917806017335757736694
4346998125542887775515543650041144956042
4347397568614921927392713006334177643606
4373710153009122769199223585359521385808
4373756810992967731766880022717027041851
4395778411147191887690631297935167658122
4398919659706610453224404989559463789446
4424180473812961754738543557456886771592
4430032461409766372234075421312633779841
4430741873183584048013276910522625486471
4476365973903881976018535699505163289435
4480152179713957635758237581489806905553
4490953530698084100607192526541630168886
4493506277745828730724868764935358861090
4513995433668570624575638230235956947419
4545202622715328441803752992008018588026
4546145650309968436132171330757869967709
4557987456057693232571331066034132649230
4562230417418762138042608486433577427067
4587164916753509815893546978350815181890
4593782582692626924155351710910049394723
4593828423236532851143965167981984502660
4615362384357109213877799128092461968921
4621962917013868945769270947764204181016
4632002457255243872561233358537842194764
4640927334210459946984802916766700071906
4643588468881273650864486229644683901009
4664183800227194954245452756740147225290
4664474581075214866863389719211846738367
4669825096172439669431715484803611932663
4674276306651015065956626584327799247995
4674327983662001133178955880684643444156
4676121641442635247928027787192055435246
4748930508326721404565537624454926387762
4762682014520022366109047166729486741980
4802779687513906318697733881724394490057
4846245484630657439292310466873070950246
4878625067343839071460389287440580168295
4892397953675490737880214629405055722667
4907552160113277935347461661609224620014
4926529653926357393315640139891881586026
4930718340012824503686415622301586083147
4944892861605015896451206998798575809695
4964139376661363938468052807364543542481
4980717657328958349421768373430637553240
4986202169421510629848379408859325331833
4998321589424011659148037881029275232380
5029944599603205125142570627707482860141
5032334618602251612967208139538233909595
5048523911876843600434220010381703764040
5055262521402478414657064519592655344064
5107094578485134250378396044591435094171
5128648710491084904302094434014999283462
5153060898721014285571529282798254217605
5155034224600869540883316521035233513375
5160762573347479802168716846561771665758
5182306050234589224776074533333830517740
5197691469680787583713094335392446005908
5199082265809439414585477262047823876582
5204266651205702550767890043806995565802
5209030574644307967280504076505319239787
5210849014872888646545886103971412683413
5235309758624063448419059809993817689635
5273187216835912494952700721667472013643
5297551470500251052699442780111179356861
5312329854680674860742289205830961103586
5313796242111964942389951459636270929052
5338236374145219204265269156101632511765
5360477403494430200914552980435154922213
5398583397599805851401164512112843180743
5417362560889249625251799978023354282148
5418446309502261176700955015199040064286
5423665129604595860952202433001729395271
5434110527886770295924712359444715263081
5436154722956377756997145495865432237841
5461838064507905782256819232272254466367
5466227863733111205260111732223053195336
5480296319786349088346477792878945057569
5536989971774104811453174015232756596587
5537831403117386669581224955352210580083
5672916156527964265536147014258708857681
5694399496093972820190004102009022737898
5754979338439249160326229508498466977022
5776574204305596819491540744534123709269
5794271373014788113215999352871711808837
5802659910064846176776020732996516517247
5838658743256562592944248841833886415323
5846381870473932252077492623586106840874
5858220594618519900888349302284237562030
5893575523444988509365143284412360834250
5913445195067228728169098483775538924025
5916572725921351366404299933840455003363
5973925829721473053859066234285310310308
6006351573404001570818754762546307922472
6023436193880613957694094480413694268606
6057521002830301289802192787509957217186
6084889615504454006655868011419575826371
6087832020373078435937368811384331689826
6102033312513819011130854458881359502743
6104232390344576553142205595281821497581
6129830514139810380767534784043686707201
6251749978642858417077095294326960241749
6326306023315505229996568638040266861052
6328945201728347905261383559067173112690
6367773782689695793158405703051537902947
6371920360206859559360551557756158972486
6382216847370836693138050818804328006203
6384974926800367712029355808800647015797
6394096527480475962718644091616589511151
6428061427750797560161120809453191173848
6436819451389883960880687558964559099133
6445739431109851544469322703944138030994
6456136040496963714039310571257545598623
6464278624717508735619810513151096131175
6502065675324463341016391516022548268451
6505868829507815795515507245679330835372
6509548147503097342352425438388955406716
6553614606716249923937774464435383273981
6567277701902885669761564072710077777993
6642707571982146683705000017770495249125
6650166361083223885511016212769025484179
6650655116534541813265414882303110759097
6652736593593758568939936182580040122484
6653239341931414375647822680966674434337
6712299464562391412171342768444116197347
6713082808731531062562116920565988852173
6739263251302798078812877526822634467955
6745097732223485276109785051148717530389
6784879783435373677796845622500165936594
6789475523185542292854257258682614732990
6834942998277769410342508881320081097618
6850773025289511869079317984161997418818
6856117497064123667010369294396010243997
6866667846254727417463948950578895237091
6869723577191971001169249914647108369052
6870436261591686006760142392988462160555
6885370617057601869835656755612087990500
6885842476230125241098929132733375793665
6894092713386783757177804368601467271670
6910176149429002743415123047367226750317
6910912129072152604912499703240312438055
6949044327499488794315345351619867656180
6969503341909150240531156577261364992755
7035787792756684115699924580621637862158
7047936335046195583146405384836815951955
7050536750038137343322024261004795622396
7055252086124429554688244040247082756514
7059086147810593832342334241940802184707
7099315566697756068416136706499641067444
7125102186500475822221003615407906618655
7125534633608614639839396072974412961702
7144970030394443077573370676070744479655
7154572514357507373934090354141064381613
7156307453766333395247838879053005811217
7156576813575153140457488088651465427500
7177905972203067557581235359744154993357
7247559314826793010664917083773772862073
7260730145363880417945652425450262051169
7290034635507173273796327156256464787739
7303312881487247021309740197224698705536
7319231065695407317019661298377610993785
7323945043711583859628196046499960231640
7329624520279552570363770399040704876047
7336019498715105030863320949598340188355
7346488076987115895899147790698894070682
7407195254319000905544498782084148188203
7439885754152342234238498906749687476848
7456809878670970395159787322908138503216
7589440719731717495824545079611968537825
7594595147242870557875648505769783532358
7597220008651781575604574391955380432176
7611485258215554933084772371318247967075
7623075559986472858726239334830486755190
7679007059331017564003968478776264531378
7705766567102463013625669163465694784666
7712631967809925624816797900165013171649
7722520674767206809209310675422293098550
7740599933004409052970375762186129068852
7755962094572620091483121503310954880984
7775358937494200340017908165465465919843
7777394049646043061678583679937372170563
7852244287319430396507597608754876475918
7918734026705704752003754857548313206732
7931558644338221878704987419986966488379
8026395091178742991873242266963717565921
8052828080677281717893502121145550610458
8056696848561738289813960539640070722472
8064581234140657601374381070096090401799
8065129483927069757270332840740574967694
8069507714288113762934553220421183215158
8081306342751935248090181372956945152795
8091139007109404197309870968138808509051
8153145109237109343671917181398999871716
8179536737995202949602281472657430120068
8186337944956354480668923064165346848077
8204575203493293897601087915059383051518
8209163897644877891105386751326479978930
8236467807156754958805723223607316596595
8242596744340735800108394777914417675657
8245762973652682584058472378798539923458
8289591874923920424245718904754714136464
8293805951148933308361959687262415802742
8303849358269818211176350841908759813484
8340156539052048100092127101295505641491
8399577556031574111919614716584901049572
8407324653333182880470906766120031238339
8431965960149637365818311072290806128642
8449512493716634576189640345979400217292
8456368633190548179065610548333218149733
8466830240039870101493610219520081355683
8486866813462145146093748316885039656670
8524872759830672854051084778364751110217
8552801024165503490390689464560549641269
8602758863488389061496150875094612544872
8640511830986662139507552877518062945108
8644352996358267641503920653570979086295
8667619008689091936711720556779788427809
8674078242515782030699710849432296372005
8695291369622425686628025398242808357759
8730908450195665402786788201852099235644
8734657938749124170726475392057251254612
8737266899557751763493678158603531320666
8750404090171977801121697200619190843601
8750917790797344115411738129045317562948
8774567935934317249429401152423800449391
8831650629358272252845201819746354713111
8856068921613198676340705596108713290339
8861390819134387718430553661848433560083
8873888273193839023333921942517957729646
8877070975760025182272751223865098982855
8896310335031191240267974717551484185785
8944637694852062939909945627127663278676
8960787797939633921666012023701691843425
8987600565840174829815444407763613210108
9006488461756461541498646745586676571178
9023725609298780505405948318864510784315
9072681400554743692422253385325159466760
9082612005060123213393924944719010607763
9088446764835034585200335280825860169150
9120890200844544066901344132875534492487
9135645418105096148516134597604822305020
9137679683194277169389689762887143064436
9141420554973389906077102587801033999413
9144374966419992065363894739111081464061
9147870079591776621732429333085240924277
9187058580694351972917672984249421013277
9187935126679452171662373937708891241684
9232627020176141610718325888706475747483
9263932244164195200056695326461261568280
9301662028092656193432630176055723612802
9328282705154871756602255806751259396959
9344673426887682360017079787793623506592
9351828365351820216814942149910678363786
9355744489926099126498373803187444668065
9374237696328417960223510804577917085009
9377806853045037525312528121661885385868
9399837915555425705891247311493092282410
9444013540319233926069052546976519675149
9469882674495299578753026376621478147713
9482298214151703951931659635777292857457
9488930198563236066279712851756424187726
9491909743620287368702464249877870699102
9520040089492385271121168274890330324948
9560412590978804302248124231553281973080
9564353321087934081960051401446796940097
9564990284638420081071314666311068178290
9585229413646297115917751781440012761644
9602577105872057883669856270957627079507
9621379801978430550288149785418087612703
9632693164929244999421729776069826484474
9633389782303624650565878784255402746806
9653016015066991279043987975203011747195
9682362849484395408551084355449487869783
9683806151858968547405904234262674778354
9743312125480236461394946425240758037815
9745659914446462529419333718224531030327
9796204128609317288097132123633174027680
9797299247758709321243466416564259784001
9804198768234369921291591442383603425713
9820543601029621612240079938781794724769
9825347517544880705144768230480975398069
9847099375550806345534078800733439387280
9854110244807649490300040692800891700636
9873702907427689335857304414676620426117
9901664167741050438105060113375122819057
9916195741596616195956021010689749839944
9921929245278190228305381891406236026682
9951853227643805821102766651555905767192
9953799630451028833739835231547116024472
10000425049331023849938137283554507228272
10010717040943314357014010648019926510088
10025874228631909975665649979551446893566
10055060005380755224012615856305708539618
10058082790557994944802116016312826566946
10060814177558571040695876695000212479811
10065773050877025282513772254862762032554
10095265635403626181022564350249646460832
10101184101557306006077270027817801211735
10106634658288400421585653311794986963137
10109345854226201904528225205027097547191
10121286009781243864048177523317509104180
10121900191090978602878416783936689653244
10139336804382325838621602682775349790016
10142579226957770600504060870315485514807
10156584941152780024474599780584560417604
10205250093978003669262865466970479184000
10213977553910379179610072205793438801526
10267359482246034194496345515584110718903
10289506904160562273664694786178173945662
10292142582264122947451461111569900894914
10304099849927084205163609816826326568779
10309040352285218619365980529223670477509
10315861926034456477857089282936629823188
10319130350600825532155562034947658392816
10345149615171980746254243906506990112289
10349139540424625320985357799521812269327
10362753217553208414199531362339581933919
10408327803542432282508603498302025171671
10419767821487715702883602739177470278972
10446977359457895336073836069517622728254
10448648839100474173190160914979909965418
10451085237265659326417288260768656678986
10464544265146267267907010919672440543146
10481856015390452637815579424137367503897
10523304417940929135241611951565582336448
10539173808663336971723300108413601117703
10556219715401103181216248944855867663066
10583714874559979513471763591089312704132
10598890845926087873608569398129811440418
10618460340452697236307937700122162855833
10634744497967731313932225352099975726661
10657314709762051564493798721765356125722
10681871399530589771715356795526727565792
10701681805974393536816841407473940706984
10752125030176411103157916168811814346259
10814539656113565769257143709771031737126
10855327144415135606456725754483474270972
10857131379951500638105508936741538530709
10889325274800679106702316441323570136051
10895478284008793265474562092158235582062
10897513605567919829791987842688899473627
10897878831275839830242426788910485305964
10932725697229370728492973486334723778461
10949342040310609658838124514525425970520
10989078567516511516419031155983394418426
10989193768832962270468123623776888167477
11000484194168171414581336619521964476897
11030971623211271463173769212297802776732
11033916134450018654518041630122801454431
11037880428661277290599533487422153802983
11042558789357879273375843195999565694850
11058037412332262311146579787761537967032
11070109089636193642377168021148945813680
11090447113380702098723093566165457533624
11119291343458681754556365889020483215792
11119499247436289014045373109240060699897
11161579474082290119641734866719270756177
11177355924767336392171530398857029423230
11182777918562939874224324287514166605446
11189555717552921828257189233709126817799
11198819650389042227672327459374383568985
11235411099476834674450976306943665562472
11245776024360441057177643255570339688812
11257947792105766381390076445419674328415
11262020733843200729189327773608318777103
11284522488821211909077571917854359768004
11287346479351673958161454468625539713373
11298206726802288923672800870317884727479
11299059600424366366126546660437478100538
11334909312727971786451084000644186593018
11379531066636640265027010812326543714131
11387602656283303781777712691361693266382
11391714375978277347025809983766903981046
11413019059553300769793768320066528245813
11434089021062434222728286721303669093909
11441710586663285892616520019475394395054
11469669958000432940367728526677487291570
11472525494756938090944118295618327795225
11509023943429684626124738400626204666328
11512614855178048321411647180118678159370
11519433007495709749495377611646602017694
11529421722203460807181209595996526675387
11549655868721905504535014057006171232085
11652713849331466021579553871034898303922
11655432100823509204298906717125184118254
11665310154773271003443723228207654084380
11665475812825116447659719078154150009768
11668846973954790566319265943777306600265
11687161165417529225971934420761605467801
11696980726139517224239696180295145445746
11704604758085335238208837055878712826382
11707624982955963764347472459217624518467
11745852008836710757024318305005744816364
11745943412036357750365706728740454858302
11757977766208127393892606738465426505965
11760108963161041709624987276250462682154
11775213756962635410898341777256254305770
11823460478440015384973502790708038797810
11835683742090180770618745001025170105322
11836573144271195646357963131002020071501
11878260154196232216756816733731378178386
11886946636109740106121876674861402758158
11934097636403007675405858817472597259101
11947536983964129679216868896672066589029
11948001509422846828299751325973192109152
11957071418379595844715241386530928470778
11981492865355496184516286678653044092645
12011160209350552176515610307513672980372
12016971459312255314248341432697080656110
12023376678780415333639360586234352431763
12068171246064867274322693647315880825204
12096237817728763876953541972779390973852
12096619518189014215677366689143726737967
12104661216088661415928308463325599495427
12115522105203406903428436056688530734279
12129223092584825951644368682006365157285
12150865970912319727458584794019243791267
12154467664034930129038842520309162275050
12208821802404860757419764033417370166989
12223031983102720150008718851673590237656
12226706784444825821556201019781187236073
12232470317652537471680191600730134369276
12235393766132236327237652811920738080508
12257333294277449505886053874877760091075
12310554428319302856308579388328045143286
12323579257388843607812911163163101200067
12333878692188577730985239614532697155934
12335543892907515329429813956231765014029
12382169877570475051686988137764226628265
12382742122380663002724230667700143275436
12398108238367290573584080170413101725354
12405729456939283909541858663661821089786
12462655283246449524169368660128029197456
12467394960927506436881912380911396830117
12502664210790782813049201000408386510376
12503569993280205778910711379362285198162
12524524701943539567415095829603187296358
12575295747288194402206887834872249277010
12591261719034510341047185560119253740569
12618560313621046382317494582743695948108
12628998481513890135425618264240752343692
12633760698661309999251482823575476458206
12652035242036692651178658173357529189615
12653114282937762512896006549382463813656
12657888373462511489285259623486118993632
12662365184890065517245067897236969192979
12665746246589724696032856504803332304757
12669494254539225777885246507406996831212
12700708672408543678613227176331720129260
12705218433990549858916064190084085065693
12717320139030321063315174424919703785600
12727660421766588706233945653654860255532
12837792150701143109439838375796676223906
12844464788751132685895776734010218825016
12848713656368330123441543187533131998328
12861782480403801157098996613117478341516
12877299513816303537790497482859341038304
12906648260337653971989558147169965426610
12916188211129112031779027682973126460402
12953514673934586966032936246431897602919
13005153224500387759043684726814536123690
13024012597833602732876814804110884263139
13054006016246467978432876673898054863680
13098214711634453791402919890342958833953
13099628937186650504713105943115943497112
13115743970638624198500784488279207991272
13137204693369085985841912911067124570347
13148008335863227260975093883353328696298
13151871984998643933199459740549517991325
13170068339160394505362510045513679404834
13190174499821175636426068690252876306117
13211988503921392324555567310213234565450
13285864805622788063242762722675130255243
13290454776491825103409331636849898840870
13317961361753107248825551469299862136245
13342884244466236891762627976989215751713
13345005110716481074298179317511017990649
13355664648843238083045730300075034643871
13357615445517664277988351482042589841100
13387552657562578220251262995598647552652
13418598617762903064573191716748549314806
13418839666055802832635419051113030619532
13419558514213666283488165514489070784299
13433652705897736815966003959496241431110
13455452724766815476895934282746062953216
13471461470719117621125540578901907340601
13511571942173698509195036351303826635120
13514848107326052330686871793617583284752
13543617485060100456385166202632732853120
13560563604105137454544256050025857773852
13585807209375540997677921408453227712191
13589060387795592349783003645428212680115
13613992758255051744122817199728250678182
13674378281330762441362335793949088557894
13683420251092922365161686673641176320063
13700931858610489283936368298060096768184
13701060748337207825999749253259695283921
13703227601484218161422181615679213379968
13704347600461196237157631979614420182116
13760711877974430659894701121381791578299
13784159189758696395816532783777433247201
13802146142676344448300082218575984473577
13909552276316354387882104280457000625220
13936349838236501435512331365582979680566
13942912725695793950733237379954642503930
13953600296375081644842784793461774239131
13995567622220610991127127636752309701294
14021282037899737763721163610105486837142
14023698460250785990291016410742588331919
14025230143816119680299681520278657580067
14040678640061323113665533541775068075939
14085322199495226293481281236698467047075
14102182414695441153021433193821968680434
14153335566290645398601124957540817071743
14166340025201686190867816064752391510859
14184586531736631703370604638461894785165
14227681390737283319898490931826293443183
14229492198294475411197286257262579451600
14230494168637391999067390766046920640468
14244294607847758038522029506220500675552
14268988523988938164848392464652328238071
14302921435167135670322903731706299251495
14326503046182493184151972506475468234741
14335488444694689017245132617066371822592
14345043890879224761190426981249174405139
14358775826246935489926582547595235283771
14372533915109152918522930572907109784866
14374995544894199646726335570304284408302
14388945029466725277074917892861786134554
14405548542081108131515490472382257993118
14413176450178327850366322341958478128003
14438755558805703828726676093519191156610
14441900260826220196894782974936450020240
14478193253509725801635954976603031471521
14494984257695347544951648288539917506845
14550366377508574049098293112132410091761
14601821643538992415012445650855273114679
14616009162381662691963655793823627277423
14637862178715110387831523481735979302228
14668189289769856503838131330100809484120
14685547978645281060289863944443056513593
14722344508052581375766131019181415119166
14745524059841675042118292888130387419961
14754466879948388454388262458089453929891
14759212061164773809233721521617307075660
14762939776987038575932226525672656564000
14765578591144996086447914954235835820076
14769867219101754903350510500363150202075
14772486292034741910647037017758332937338
14778344910164643858158445442843379244726
14782991030294542968758860884228775458841
14809686165118597832803683673732544585002
14817271689380437515456818071543594481031
14861950314386732669850171376833598344157
14878207459553340397862302685169350684072
14886482670856911718332913346010527819921
14894633144741985059760662962122792348275
14897458297215790074800461487640314518749
14905119698049575146256060167531067359623
14941721335015587216237227405205707569378
14950088599147291993326395810922928196810
14955975105595928912823194074158384393831
14968066617507089171040442721083396240815
15013031288162978642631362600366679639187
15047752844225804076308670081676840564472
15062003360157421032446007935573637175996
15074013774065253182634210494961938138515
15078660551032686156873397734342627453215
15163983098763120781876122975587123113882
15220545846632698887925853040854236813182
15276350563908877266485262243524044400911
15278343190842800587798634219877762615022
15286206437362652156767852938624559205159
15297560250780570269896459346980650844267
15323699566646689219780303157558089516667
15325290262065791035160032558290979790089
15347324618976443983475321053994737582100
15367902359107393386491954490732343701842
15372656480329121176003480820787369288710
15390054051675082251838996794453580852040
15401469465700241029235249347119268559490
15404622354670629893614931995197879384593
15420120184805362287601363864740748494667
15425645221769819854041143342625962464233
15473063819343045576648366259027170670266
15483340597215148249910626225005896694517
15494377443373791483535106239474672751293
15494436719781445733490889246124853097169
15501499395902938542693215185231107196442
15580687491796136362433812953181492220223
15604938710935650936654395660305577217818
15621074796813610128364714561558990647036
15624581451879743316072642198885014842760
15624963667181937918144962601202506543491
15651527905114271092310229811639230639997
15654302124976464751296425802034412753452
15659455088152134578097689374003695687218
15663357439524650945868384333479094756683
15694521218738990524870649699874350222793
15735215638287370649892808872358266313261
15751055370188782226798734777808194309889
15811195022508280779274812134972610804630
15813209837769531027545058480735259235277
15813902430968735180156809697354234931484
15828929386671969844792390575342030973406
15829024996075082877021058935794975903253
15845010683206086996808352018669521742735
15904681232853829582388118585091312875490
15909894912233160604667204141158896848133
15925894366498200522804560551899994498863
15926097258240741452941879441256356508523
15930140472002480441483690656601981597332
15957998717173485780350325934404119653942
15965507995240523413775688938148252506991
15969879166304455809422583339743021998189
16000300703832787798443607391484174131507
16032026779202612289352167634128215394777
16039138813447677039235351741143099097804
16043444174668711565133569372982238834562
16080501393126136270612583109351658042081
16090569694392562593845308126481679244811
16147392222345266965312055477961214753013
16155943520080642934487252985937472180112
16168137851213619093998486808785325867084
16182038322219360736102274456950087281678
16205116805885941531818719335792083698533
16217257674221578190731882907554621865908
16219402490463856681161089018759992061152
16228190989734553612379248796401506759324
16246726932488317795275870484217339790416
16275166770540954866642848196043501740784
16277863972648394978506593811760283488838
16281884847138868535825714039829649879515
16347222048381800908530662067720527254216
16416389859734839921879913370105122383242
16468051404312581223790460397065585673331
16504694415352677418877894322655602384104
16535140438756949500572527552312186389892
16537760343163107706170037093549979212388
16546780132846842186746165556480507979422
16567132438708154564361636707420932734232
16618479886183564338863065005753854422487
16645907841470675376614414875621024305460
16676961852002790027373576890381150281986
16732665086729076954489684357336748191859
16811559872095089232548307021522268657307
16813357369410480169654311952359579327242
16818543605902454611002140677556743744854
16838019200588815535389766208969274236166
16909490152171910521588008558457333637667
16936294571985775880771531751612955947350
16966844883400105979201263799194871570130
16981721240239113151426170732245640238189
16984024668373018425190894283621711166421
16993612341800837649677965197341094579019
16996387645546386602504594422775343636978
17016431492657608969740137885711252263360
17032954970313995777520203814943391078440
17036680097142675275334014311519598722630
17092108544901955486113737007565742987903
17110573025577051142339012355488685154627
17123247788065243571703332031818837579736
17126047238043849674191807956094047582285
17135778717257307930278920874200309162245
17235494374691115110656588908780526343824
17247257533348298892759041101000221673493
17251530285957988774010580810850742975662
17298730059910710502691551660363749614827
17334592329400901508173619725956463684116
17344900270953040738536644184942590654880
17371068020676959659071461235191831829266
17382214233573490839918768402323795507961
17442342847753599524022492045970385373437
17461090650821171406814741601864171021410
17467898526545696140152207702470916600195
17486933775981639943449556210135821089086
17496408155400579436826812979565547161553
17534624966516416755560294422706231199073
17536704626309980232953561876737916156819
17545915505432832737531723517660054262172
17552773066369045519557174379000521617586
17555334832077659857171103483715493857740
17582972982163657098463616378217766228182
17623891889590703137575037720074474120351
17624260593617363891135413652783347084889
17656851289516742615336906865264059212081
17662330051307349271076027087544422020457
17674897229177286357996389107549513076572
17687221834900751421867172270630091274522
17703187520525477506038089635223768413429
17718268372469044756802046297465100057031
17748667150007452972099595320470043589162
17757730234062784133515408888537827045809
17775332761433105961389751801236578050278
17791509739807759063166319970303231913672
17820442998195760701656466116158028647581
17831434783854394080975548715335501515411
17834894734988528396849151660343234521778
17838232842767031075701025877253423757695
17852469089919549305341325291342705255207
17856612519056335525053049315120734228960
17913060186396425874061805534580761860507
17927214855234916563679685270487849651019
17938164555591970574314175651006051045945
17948916828343951649518540366659290039509
17951227435918214505929775307965797512934
17958859042608085307968852664917922750746
17964045391999623849128217056248535286337
17986285059914042068003415712522935965734
18001698315273204818516394668450564554505
18001804300881461088137302248921030045998
18005072190235712405668218430668890681120
18021428719049856086990478016701399617226
18031310679977634957901376609650968564158
18059633284647340150949995179871442059455
18083417643595763352010284453821834757227
18083445530815277198140384776034777057401
18151813755179616869457086889252957667890
18153823127958240336963461030130187772549
18169903967563780605831313954604637441253
18176558267975722124212494666537826171752
18227824545277204671282336060869651863961
18231944284923351090716984732378690981375
18234947779430998394337516022332152521751
18249358604445857625274367299853162603770
18304921916909843173933642777561210982810
18307190978365578283148761602923586594589
18318343943684092829309038088527415110210
18350273718690411597293693483912908062021
18366505589417984304519251011807629423148
18379010605070846321437293718511064115097
18391986188469333113174560537018205205699
18405803596937946407748393855277118878333
18408583861098878943028807624623625073169
18417365969851573833639419018346982005142
18426610513086404345556693507708866147860
18445803112341752775617391228785169912107
18452150032327526436957468365806807381733
18458028213085010305133311729295372376037
18470052219377412171906224117894114935446
18488385150475317364487876978581431984340
18541642385688067328395032970939571605422
18548567335364225988150975357763505861432
18561835608483289795727549332500700284338
18577111464032274477137838160014744840922
18600054928601181459210223328288886652304
18602507979984055390805447063005625012953
18607597414683390862526570931550465766661
18611786453447241908376035100045631455673
18625772093242608492197746657169609196750
18654959230266516539289435374338082437955
18676261334702264767359077205150849548673
18697495297523318565972590900056761363677
18704786007472378808500618086201464592348
18714038244979142923909038861390112022304
18742325388953637804453011732983336920602
18791464388096819266898900127317868626429
18798796223977198651384000123942951292634
18824011749038423549489634219871105806057
18853340190705681877173109808871004953115
18864339646001894264231454352993235367031
18866099589262110279826610811411178485370
18871053043998428749169341894913689637089
18880753430281226745164206354343800402802
18897533101731442692361183305383272317477
18899560740754898165907187952683167505110
18934390693330827175108148070882702995184
18935136558299206674925364306226856442469
18949865694799752509609519440935507528464
18951727437921390268365416551711563980884
18969316885830161307466838528487933902238
19002011781595934555719361138630508366473
19018300166679296019412232411989903466246
19031209183572088187775405980691800518923
19043845159180309481720392561063909178010
19063779575067197128028419620776320540312
19068355200071977554255691016352597075600
19068448017823344460174592428431010457239
19076294252750571436821582717887999612985
19083898065016206651141258843328680682368
19100033500164707293668450625008146824553
19150352953868483356652311175348582975144
19151949660377346023451438522341810207033
